Nom : Civ3
Agents : 10
Scattered : 0
Couleur : 0.56638414,0.69822484,0.6627451
SchemaCognitif : civ3
