Nom : Civ3
Agents : 0
Scattered : 0
Couleur : 0.35218254,0.7400881,0.8901961
SchemaCognitif : Scratch
