Nom : Civ2
Agents : 37
Scattered : 0
Couleur : 0.96984124,0.70469797,0.58431375
SchemaCognitif : Scratch
