Nom : Civ2
Agents : 0
Scattered : 0
Couleur : 0.9147287,0.2287234,0.7372549
SchemaCognitif : Nouveauschemacognitif
