Nom : Civ2
Agents : 8
Scattered : 0
Couleur : 0.87222224,0.9677419,0.7294118
SchemaCognitif : Nouveauschemacognitif
