Nom : Civ1
Agents : 20
Scattered : 0
Couleur : 0.81805557,1.0,0.9411765
SchemaCognitif : Scratch
