Nom : Civ3
Agents : 15
Scattered : 0
Couleur : 0.67578775,0.8410042,0.9372549
SchemaCognitif : Nouveauschemacognitif
