Nom : Nomade2
Agents : 15
Scattered : 0
Couleur : 0.5289116,0.9116279,0.84313726
SchemaCognitif : NomadeScratch
