Nom : Nomade3
Agents : 22
Scattered : 0
Couleur : 0.8603604,0.8915663,0.3254902
SchemaCognitif : NomadeScratch
